[0, 339, 578, 980, 602, 491, 546, 1003, 880, 902, 785, 633, 743, 688, 647, 856],
[339, 0, 917, 647, 625, 732, 885, 715, 1219, 1241, 1032, 347, 410, 920, 986, 1104],
[578, 917, 0, 1320, 595, 255, 287, 1224, 340, 324, 207, 1096, 1287, 417, 166, 278],
[980, 647, 1320, 0, 740, 1055, 1424, 364, 1634, 1579, 1361, 359, 237, 1146, 1401, 1418],
[602, 625, 595, 740, 0, 330, 822, 679, 934, 845, 626, 641, 832, 411, 760, 683],
[491, 732, 255, 1055, 330, 0, 542, 960, 595, 536, 314, 887, 1078, 190, 421, 385],
[546, 885, 287, 1424, 822, 542, 0, 1430, 345, 505, 472, 1188, 1289, 682, 121, 543],
[1003, 715, 1224, 364, 679, 960, 1430, 0, 1564, 1454, 1236, 371, 545, 1021, 1390, 1293],
[880, 1219, 340, 1634, 934, 595, 345, 1564, 0, 291, 525, 1398, 1589, 735, 286, 441],
[902, 1241, 324, 1579, 845, 536, 505, 1454, 291, 0, 257, 1410, 1601, 434, 393, 152],
[785, 1032, 207, 1361, 626, 314, 472, 1236, 525, 257, 0, 1187, 1378, 215, 351, 95],
[633, 347, 1096, 359, 641, 887, 1188, 371, 1398, 1410, 1187, 0, 192, 1075, 1165, 1259],
[743, 410, 1287, 237, 832, 1078, 1289, 545, 1589, 1601, 1378, 192, 0, 1266, 1356, 1450],
[688, 920, 417, 1146, 411, 190, 682, 1021, 735, 434, 215, 1075, 1266, 0, 561, 272],
[647, 986, 166, 1401, 760, 421, 121, 1390, 286, 393, 351, 1165, 1356, 561, 0, 422],
[856, 1104, 278, 1418, 683, 385, 543, 1293, 441, 152, 95, 1259, 1450, 272, 422, 0]